The list below contains the points where the Taylor series are constructed.
If you scroll further down, you will find a second list stating the intermediate 
positions where the solution switches between two neighboring Taylor series.

0.009830000000000
0.029320000000000
0.048910000000000
0.068560000000000
0.088330000000000
0.108200000000000
0.128160000000000
0.148210000000000
0.168340000000000
0.188550000000000
0.208820000000000
0.229160000000000
0.249540000000000
0.269960000000000
0.290380000000000
0.310830000000000
0.331240000000000
0.351640000000000
0.372000000000000
0.392290000000000
0.412490000000000
0.432560000000000
0.452490000000000
0.472220000000000
0.491710000000000
0.510910000000000
0.529780000000000
0.548270000000000
0.566290000000000
0.583790000000000
0.600770000000000
0.617160000000000
0.633020000000000
0.648340000000000
0.663160000000000
0.677490000000000
0.691480000000000
0.705130000000000
0.718590000000000
0.731870000000000
0.745060000000000
0.758130000000000
0.770880000000000
0.783000000000000
0.794200000000000
0.804480000000000
0.813980000000000
0.822800000000000
0.831100000000000
0.838980000000000
0.846540000000000
0.853860000000000
0.861020000000000
0.868060000000000
0.874900000000000
0.881340000000000
0.887320000000000
0.892830000000000
0.897940000000000
0.902750000000000
0.907330000000000
0.911740000000000
0.916030000000000
0.920170000000000
0.924130000000000
0.927850000000000
0.931320000000000
0.934560000000000
0.937630000000000
0.940560000000000
0.943400000000000
0.946130000000000
0.948700000000000
0.951130000000000
0.953400000000000
0.955530000000000
0.957610000000000
0.959570000000000
0.961470000000000
0.963280000000000
0.964980000000000
0.966600000000000
0.968140000000000
0.969610000000000
0.971020000000000
0.972330000000000
0.973570000000000
0.974770000000000
0.975910000000000
0.976990000000000
0.978020000000000
0.979000000000000
0.979940000000000
0.980830000000000
0.981670000000000
0.982470000000000
0.983240000000000
0.983960000000000
0.984640000000000
0.985290000000000
0.985900000000000
0.986480000000000
0.987050000000000
0.987600000000000
0.988080000000000
0.988560000000000
0.989030000000000
0.989470000000000
0.989880000000000

The following list contains the points where the solution switches between two
neighboring Taylor series.

0.000000000000000
0.019470000000000
0.039010000000000
0.058640000000000
0.078330000000000
0.098150000000000
0.118070000000000
0.138080000000000
0.158170000000000
0.178340000000000
0.198580000000000
0.218890000000000
0.239250000000000
0.259660000000000
0.280070000000000
0.300520000000000
0.320950000000000
0.341360000000000
0.361740000000000
0.382070000000000
0.402320000000000
0.422470000000000
0.442470000000000
0.462320000000000
0.481940000000000
0.501290000000000
0.520350000000000
0.539050000000000
0.557320000000000
0.575090000000000
0.592350000000000
0.609050000000000
0.625180000000000
0.640770000000000
0.655830000000000
0.670400000000000
0.684560000000000
0.698380000000000
0.711900000000000
0.725260000000000
0.738490000000000
0.751630000000000
0.764580000000000
0.777080000000000
0.788780000000000
0.799490000000000
0.809370000000000
0.818510000000000
0.827040000000000
0.835120000000000
0.842810000000000
0.850230000000000
0.857480000000000
0.864580000000000
0.871540000000000
0.878190000000000
0.884420000000000
0.890170000000000
0.895450000000000
0.900390000000000
0.905070000000000
0.909570000000000
0.913920000000000
0.918150000000000
0.922200000000000
0.926050000000000
0.929630000000000
0.932970000000000
0.936120000000000
0.939120000000000
0.942000000000000
0.944780000000000
0.947440000000000
0.949960000000000
0.952280000000000
0.954480000000000
0.956580000000000
0.958610000000000
0.960540000000000
0.962390000000000
0.964140000000000
0.965810000000000
0.967390000000000
0.968890000000000
0.970330000000000
0.971690000000000
0.972960000000000
0.974180000000000
0.975350000000000
0.976460000000000
0.977510000000000
0.978520000000000
0.979480000000000
0.980390000000000
0.981260000000000
0.982080000000000
0.982860000000000
0.983610000000000
0.984300000000000
0.984980000000000
0.985600000000000
0.986200000000000
0.986770000000000
0.987330000000000
0.987860000000000
0.988320000000000
0.988800000000000
0.989250000000000
0.989690000000000
